tweet_id,favorites,retweet_count
892420643555336193,38912,8624
892177421306343426,33325,6337
891815181378084864,25101,4207
891689557279858688,42268,8745
891327558926688256,40427,9507
891087950875897856,20275,3150
890971913173991426,11891,2099
890729181411237888,65756,19117
890609185150312448,27854,4315
890240255349198849,32036,7503
890006608113172480,30748,7426
889880896479866881,27871,5023
889665388333682689,48243,10179
889638837579907072,27262,4594
889531135344209921,15131,2262
889278841981685760,25389,5496
888917238123831296,29169,4551
888804989199671297,25680,4395
888554962724278272,19983,3622
888078434458587136,21834,3536
887705289381826560,30292,5453
887517139158093824,46386,11794
887473957103951883,69324,18436
887343217045368832,33789,10520
887101392804085760,30644,6031
886983233522544640,35268,7847
886736880519319552,12108,3337
886680336477933568,22500,4521
886366144734445568,21187,3221
886267009285017600,116,4
886258384151887873,28046,6368
886054160059072513,0,105
885984800019947520,32815,6890
885528943205470208,36118,6516
885518971528720385,20489,3804
885311592912609280,0,18781
885167619883638784,22013,4431
884925521741709313,77745,18662
884876753390489601,28032,5862
884562892145688576,24374,4934
884441805382717440,27081,5722
884247878851493888,73238,20663
884162670584377345,20447,3027
883838122936631299,21975,3488
883482846933004288,46096,10078
883360690899218434,22628,3730
883117836046086144,37352,6754
882992080364220416,24030,3981
882762694511734784,28403,4988
882627270321602560,27965,6170
882268110199369728,45122,11752
882045870035918850,29459,5048
881906580714921986,24371,3435
881666595344535552,50712,10809
881633300179243008,127,7
881536004380872706,49623,16182
881268444196462592,23141,5210
880935762899988482,17061,2814
880872448815771648,21369,3866
880465832366813184,28622,6368
880221127280381952,27161,4287
880095782870896641,27714,4413
879862464715927552,22373,3544
879674319642796034,314,10
879492040517615616,23481,3224
879415818425184262,106259,44762
879376492567855104,16821,3159
879130579576475649,0,6939
879050749262655488,22663,4780
879008229531029506,19029,2730
878776093423087618,19441,4181
878604707211726852,30385,7348
878404777348136964,0,1312
878316110768087041,0,6762
878281511006478336,7780,1312
878057613040115712,42197,6939
877736472329191424,80223,19467
877611172832227328,0,81
877556246731214848,22855,3887
877316821321428993,27457,5258
877201837425926144,27245,5690
876838120628539392,20763,3416
876537666061221889,23535,4683
876484053909872640,18846,2442
876120275196170240,28041,4774
875747767867523072,25310,4366
875144289856114688,22015,5009
875097192612077568,27534,6148
875021211251597312,25602,4796
874680097055178752,27991,4727
874434818259525634,0,15063
874296783580663808,26199,4194
874057562936811520,22770,4031
874012996292530176,34896,10671
873580283840344065,24397,4029
873337748698140672,0,1621
873213775632977920,7314,1621
872967104147763200,27559,5513
872820683541237760,14818,3779
872668790621863937,0,28
872620804844003328,20936,3790
872486979161796608,40987,9201
872261713294495745,34505,6477
872122724285648897,34729,8313
871879754684805121,38389,11501
871762521631449091,20441,3566
871515927908634625,20397,3539
871166179821445120,0,5827
871102520638267392,21120,5619
871032628920680449,22883,3899
870804317367881728,34004,6384
870726314365509632,120,3
870656317836468226,12580,2726
870374049280663552,83621,26966
870308999962521604,22075,4270
870063196459192321,37118,8604
869772420881756160,42948,10351
869702957897576449,28620,6526
869596645499047938,16207,3231
869227993411051520,20733,3914
868880397819494401,66610,14988
868639477480148993,0,2167
868622495443632128,27802,5959
868552278524837888,10344,2167
867900495410671616,24560,4322
867774946302451713,34555,7585
867421006826221569,16452,2609
867072653475098625,0,131
867051520902168576,32824,8172
866720684873056260,20490,5017
866686824827068416,19728,3625
866450705531457537,124586,36618
866334964761202691,53693,15062
866094527597207552,0,8702
865718153858494464,26146,5833
865359393868664832,27053,5218
865006731092295680,28604,8000
864873206498414592,33042,9111
864279568663928832,14949,3181
864197398364647424,30875,9362
863907417377173506,21110,4328
863553081350529029,15658,4358
863471782782697472,0,2591
863432100342583297,24361,5521
863427515083354112,2316,101
863079547188785154,8960,1153
863062471531167744,8763,2591
862831371563274240,19667,5315
862722525377298433,17510,3705
862457590147678208,21085,5207
862096992088072192,76577,24435
861383897657036800,37061,11224
861288531465048066,17673,4376
861005113778896900,17191,4001
860981674716409858,0,2268
860924035999428608,0,856
860563773140209665,7723,2268
860524505164394496,24290,5544
860276583193509888,18829,3653
860184849394610176,17173,6149
860177593139703809,0,32479
859924526012018688,20115,4309
859851578198683649,15846,3685
859607811541651456,19140,1657
859196978902773760,92685,31902
859074603037188101,34951,14368
858860390427611136,0,8571
858843525470990336,16039,3668
858471635011153920,22201,5113
858107933456039936,16239,3079
857989990357356544,16648,2730
857746408056729600,35385,11218
857393404942143489,6118,1726
857263160327368704,20668,4790
857214891891077121,238,20
857062103051644929,0,179
857029823797047296,19570,4241
856602993587888130,0,11319
856543823941562368,16860,3052
856526610513747968,12240,1999
856330835276025856,0,718
856288084350160898,535,17
856282028240666624,28652,6687
855862651834028034,362,28
855860136149123072,5117,1101
855857698524602368,12266,2248
855851453814013952,47106,18751
855818117272018944,27585,5786
855459453768019968,31114,8752
855245323840757760,0,6362
855138241867124737,0,49
854732716440526848,23764,6511
854482394044301312,30563,7357
854365224396361728,19684,5021
854120357044912130,33294,8024
854010172552949760,16878,3360
853760880890318849,29882,6220
853639147608842240,36501,10901
853299958564483072,16250,3824
852936405516943360,0,2174
852912242202992640,9469,1981
852672615818899456,15642,2311
852553447878664193,17170,3780
852311364735569921,34737,10666
852226086759018497,20975,7363
852189679701164033,12019,1703
851953902622658560,0,10404
851861385021730816,0,23
851591660324737024,17025,3737
851464819735769094,25517,7632
851224888060895234,21727,6185
850753642995093505,32719,10063
850380195714523136,13741,2825
850333567704068097,3591,361
850145622816686080,17208,4133
850019790995546112,21572,5312
849776966551130114,32123,8248
849668094696017920,0,5385
849412302885593088,16749,3399
849336543269576704,12060,2051
849051919805034497,44779,9265
848690551926992896,26640,4688
848324959059550208,26167,5003
848213670039564288,8643,814
848212111729840128,17289,3349
847978865427394560,0,3547
847971574464610304,0,467
847962785489326080,24846,5577
847842811428974592,5817,1468
847617282490613760,7424,457
847606175596138505,19845,3677
847251039262605312,21623,4659
847157206088847362,21178,6376
847116187444137987,22693,3479
846874817362120707,21285,4286
846514051647705089,47417,12667
846505985330044928,15013,3383
846153765933735936,33710,9882
846139713627017216,32702,10723
846042936437604353,16977,3142
845812042753855489,31115,9559
845677943972139009,26669,5223
845397057150107648,8103,1994
845306882940190720,24789,5889
845098359547420673,0,8404
844979544864018432,14476,2832
844973813909606400,16089,3519
844704788403113984,41215,11319
844580511645339650,17520,3430
844223788422217728,14500,2399
843981021012017153,16057,3198
843856843873095681,22782,5073
843604394117681152,17982,2996
843235543001513987,22885,6638
842846295480000512,16188,3926
842765311967449089,7191,1404
842535590457499648,19269,3835
842163532590374912,26123,6362
842115215311396866,14943,3314
841833993020538882,0,16934
841680585030541313,27329,8515
841439858740625411,13490,4045
841320156043304961,21054,5955
841314665196081154,16960,5168
841077006473256960,24474,5827
840761248237133825,0,1933
840728873075638272,0,17800
840698636975636481,195,3
840696689258311684,13146,1089
840632337062862849,9595,1933
840370681858686976,17598,5017
840268004936019968,20593,6311
839990271299457024,14354,2531
839549326359670784,29453,8571
839290600511926273,0,155
839239871831150596,29098,7215
838952994649550848,20992,4393
838921590096166913,11959,2290
838916489579200512,0,37
838831947270979586,0,12230
838561493054533637,11684,1468
838476387338051585,24221,5321
838201503651401729,0,11189
838150277551247360,1793,358
838085839343206401,149,0
838083903487373313,18880,3475
837820167694528512,36647,8702
837482249356513284,4126,490
837471256429613056,13736,2554
837366284874571778,22651,5849
837110210464448512,17164,2655
836989968035819520,13642,2543
836753516572119041,20634,5099
836677758902222849,13522,2453
836648853927522308,0,609
836397794269200385,0,30503
836380477523124226,15785,3251
836260088725786625,22774,4737
836001077879255040,20510,4781
835685285446955009,0,9068
835574547218894849,19117,4014
835536468978302976,0,1884
835309094223372289,0,23317
835297930240217089,17585,3306
835264098648616962,8339,1884
835246439529840640,2238,81
835172783151792128,28045,6370
835152434251116546,24127,3359
834931633769889797,11635,1828
834786237630337024,22644,6042
834574053763584002,14731,2812
834477809192075265,0,11825
834458053273591808,10328,1857
834209720923721728,22149,5315
834167344700198914,16921,4024
834089966724603904,10791,2358
834086379323871233,14032,2457
833863086058651648,14406,2668
833826103416520705,16479,3816
833732339549220864,0,242
833722901757046785,22213,3555
833479644947025920,15978,2292
833124694597443584,21737,5385
832998151111966721,14316,2461
832769181346996225,0,42
832757312314028032,18108,4021
832682457690300417,12788,3271
832645525019123713,3139,578
832636094638288896,17072,3116
832397543355072512,12870,2479
832369877331693569,18474,3547
832273440279240704,12156,2596
832215909146226688,0,6883
832215726631055365,0,10420
832088576586297345,72,2
832040443403784192,0,10823
832032802820481025,19252,5191
831939777352105988,25862,6845
831926988323639298,367,36
831911600680497154,29797,7267
831670449226514432,11256,2018
831650051525054464,7737,2174
831552930092285952,9704,2558
831322785565769729,9881,1705
831315979191906304,7004,1237
831309418084069378,12608,2713
831262627380748289,12835,2289
830956169170665475,8595,1681
830583320585068544,72150,18781
830173239259324417,0,6369
830097400375152640,10603,3355
829878982036299777,0,5600
829861396166877184,13208,2190
829501995190984704,34243,11825
829449946868879360,11310,2270
829374341691346946,37415,10404
829141528400556032,26472,8277
829011960981237760,57203,18106
828801551087042563,0,3797
828770345708580865,27602,6561
828708714936930305,39528,12522
828650029636317184,10277,1501
828409743546925057,6783,1282
828408677031882754,8260,1431
828381636999917570,13641,2485
828376505180889089,7986,1187
828372645993398273,13529,3266
828361771580813312,2369,191
828046555563323392,12725,3190
828011680017821696,11193,2393
827933404142436356,21791,5844
827653905312006145,16700,3352
827600520311402496,8014,1055
827324948884643840,17176,3421
827199976799354881,11453,2507
826958653328592898,23360,5600
826848821049180160,39541,11495
826615380357632002,0,4406
826598799820865537,5539,286
826598365270007810,10907,2627
826476773533745153,19932,4692
826240494070030336,14353,2894
826204788643753985,5273,1051
826115272272650244,16984,3504
825876512159186944,11331,2094
825829644528148480,13783,2788
825535076884762624,56333,19251
825147591692263424,19842,5122
825120256414846976,0,1444
825026590719483904,6898,1444
824796380199809024,0,6145
824775126675836928,16228,3954
824663926340194305,10915,1946
824325613288833024,12779,11612
824297048279236611,16295,4331
824025158776213504,5171,665
823939628516474880,11548,3038
823719002937630720,0,12634
823699002998870016,13632,2705
823581115634085888,14137,2974
823333489516937216,759,29
823322678127919110,17105,4521
823269594223824897,0,11076
822975315408461824,18788,3866
822872901745569793,143784,49304
822859134160621569,14334,2562
822647212903690241,0,7190
822610361945911296,16030,3327
822489057087389700,19723,7190
822462944365645825,31128,16615
822244816520155136,38087,11076
822163064745328640,0,5418
821886076407029760,12352,2632
821813639212650496,0,3750
821765923262631936,9168,1864
821522889702862852,8711,1984
821421320206483457,0,6281
821407182352777218,12828,4903
821153421864615936,276,10
821149554670182400,9518,2265
821107785811234820,10451,2400
821044531881721856,13759,2572
820837357901512704,0,7519
820749716845686786,34350,11189
820690176645140481,13289,3626
820494788566847489,0,636
820446719150292993,0,2907
820314633777061888,3635,636
820078625395449857,21542,7064
820013781606658049,0,1329
819952236453363712,5806,1329
819924195358416896,14018,5451
819711362133872643,14637,3528
819588359383371776,10408,2215
819347104292290561,7861,1349
819238181065359361,2497,453
819227688460238848,25153,7519
819015337530290176,0,41135
819015331746349057,0,21233
819006400881917954,49096,21233
819004803107983360,93909,41135
818646164899774465,0,23436
818627210458333184,24174,8363
818614493328580609,10758,2908
818588835076603904,0,6937
818536468981415936,11905,2789
818307523543449600,0,9141
818259473185828864,11993,2562
818145370475810820,13407,2923
817908911860748288,5264,889
817827839487737858,56568,30503
817777686764523521,11657,3002
817536400337801217,12861,3417
817502432452313088,0,3818
817423860136083457,37393,16934
817415592588222464,6129,1087
817181837579653120,0,9590
817171292965273600,9512,2262
817120970343411712,13228,2949
817056546584727552,9346,1862
816829038950027264,0,5328
816816676327063552,10896,2300
816697700272001025,10688,2479
816450570814898180,33361,9141
816336735214911488,9387,2208
816091915477250048,9734,2426
816062466425819140,0,1179
816014286006976512,0,5998
815990720817401858,5446,1179
815966073409433600,24534,9590
815745968457060357,0,4654
815736392542261248,10734,2556
815639385530101762,8989,1858
815390420867969024,11273,4283
814986499976527872,8334,1463
814638523311648768,12300,3057
814578408554463233,0,6566
814530161257443328,9462,2096
814153002265309185,31401,9811
813944609378369540,0,3644
813910438903693312,10141,2125
813812741911748608,39681,15820
813800681631023104,9125,1999
813217897535406080,20399,8231
813202720496779264,10017,2032
813187593374461952,21679,4927
813172488309972993,10204,2169
813157409116065792,8457,2498
813142292504645637,9194,2659
813130366689148928,4875,500
813127251579564032,12978,3546
813112105746448384,11296,3119
813096984823349248,11498,4086
813081950185472002,10799,3126
813066809284972545,8695,2196
813051746834595840,22886,8259
812781120811126785,8266,2158
812747805718642688,0,7854
812709060537683968,7240,1618
812503143955202048,6657,1385
812466873996607488,8741,2178
812372279581671427,14962,4145
811985624773361665,7953,1590
811744202451197953,8259,1825
811647686436880384,6092,841
811627233043480576,14008,3547
811386762094317568,22843,7234
810984652412424192,5837,1615
810896069567610880,9896,2025
810657578271330305,11993,2985
810284430598270976,38835,12960
810254108431155201,16072,3797
809920764300447744,16934,4406
809808892968534016,0,5554
809448704142938112,7582,1664
809220051211603969,21821,6369
809084759137812480,14447,3960
808838249661788160,11054,3437
808733504066486276,8642,2445
808501579447930884,12350,2929
808344865868283904,46494,23436
808134635716833280,0,6749
808106460588765185,9545,2463
808001312164028416,13764,3994
807621403335917568,15966,4161
807106840509214720,123334,61316
807059379405148160,0,8295
807010152071229440,14268,4313
806629075125202948,82426,39610
806620845233815552,0,6241
806576416489959424,5296,2182
806542213899489280,11177,2688
806242860592926720,0,13239
806219024703037440,7021,1357
805958939288408065,0,6072
805932879469572096,9047,2148
805826884734976000,7202,2073
805823200554876929,0,9121
805520635690676224,6270,1873
805487436403003392,9593,2864
805207613751304193,8519,1922
804738756058218496,15055,4358
804475857670639616,6744,2278
804413760345620481,0,3635
804026241225523202,48863,18359
803773340896923648,11012,3133
803692223237865472,0,8424
803638050916102144,12031,4694
803380650405482500,8476,2106
803321560782307329,0,6047
803276597545603072,11001,2795
802952499103731712,9892,2269
802624713319034886,0,3312
802600418706604034,7803,1663
802572683846291456,9798,2844
802323869084381190,17806,6617
802265048156610565,6942,1540
802239329049477120,9938,2947
802185808107208704,0,306
801958328846974976,8463,1930
801854953262350336,1926,264
801538201127157760,8970,2330
801285448605831168,6652,937
801167903437357056,26900,6749
801127390143516673,0,4503
801115127852503040,8848,2362
800859414831898624,758,109
800855607700029440,0,1841
800751577355128832,11501,3133
800513324630806528,14409,3405
800459316964663297,10356,2428
800443802682937345,0,4905
800388270626521089,12224,3164
800188575492947969,0,4453
800141422401830912,16779,2907
800018252395122689,31149,14931
799774291445383169,0,5327
799757965289017345,9219,2447
799422933579902976,8816,2159
799308762079035393,0,6286
799297110730567681,10871,3151
799063482566066176,8874,2787
798933969379225600,14445,5073
798925684722855936,8140,1625
798705661114773508,0,7506
798701998996647937,0,8862
798697898615730177,0,7385
798694562394996736,0,5649
798686750113755136,0,2631
798682547630837760,0,5375
798673117451325440,0,6312
798665375516884993,0,4413
798644042770751489,0,2097
798628517273620480,0,2221
798585098161549313,0,6471
798576900688019456,0,6681
798340744599797760,0,3815
798209839306514432,11367,2886
797971864723324932,12784,3564
797545162159308800,15921,5494
797236660651966464,21944,7508
797165961484890113,253,32
796904159865868288,0,10115
796865951799083009,8409,2150
796759840936919040,13028,3474
796563435802726400,0,8298
796484825502875648,8315,1996
796387464403357696,12092,4720
796177847564038144,0,16229
796149749086875649,35536,16229
796125600683540480,5429,2026
796116448414461957,9960,2744
796080075804475393,9265,2622
796031486298386433,11852,4186
795464331001561088,54693,27004
795400264262053889,11082,3244
795076730285391872,17810,6145
794983741416415232,0,3818
794926597468000259,11279,2624
794355576146903043,0,11671
794332329137291264,10494,2996
794205286408003585,10114,3774
793962221541933056,18498,5554
793845145112371200,10112,2123
793614319594401792,0,3546
793601777308463104,8751,1852
793500921481273345,11741,2705
793286476301799424,27036,10420
793271401113350145,9479,2672
793256262322548741,21936,9435
793241302385262592,11566,3713
793226087023144960,10792,3234
793210959003287553,9805,3199
793195938047070209,16751,6361
793180763617361921,7579,2243
793165685325201412,10317,3153
793150605191548928,6776,1938
793135492858580992,7085,2811
793120401413079041,13931,4416
792913359805018113,15757,4559
792883833364439040,12418,4837
792773781206999040,8060,1907
792394556390137856,14826,4864
792050063153438720,7885,2033
791821351946420224,0,23832
791784077045166082,0,10955
791780927877898241,0,4303
791774931465953280,49462,25192
791672322847637504,12890,3546
791406955684368384,14410,4654
791312159183634433,9647,2871
791026214425268224,0,4679
790987426131050500,10874,2417
790946055508652032,18241,5328
790723298204217344,0,2627
790698755171364864,9005,2156
790581949425475584,22691,8105
790337589677002753,8593,2113
790277117346975746,13791,3644
790227638568808452,0,4061
789986466051088384,10179,2627
789960241177853952,0,4708
789903600034189313,11411,4684
789628658055020548,8278,2016
789599242079838210,7457,2190
789530877013393408,12902,3818
789314372632018944,9445,2609
789280767834746880,0,5600
789268448748703744,10016,2934
789137962068021249,10664,3157
788908386943430656,30031,14046
788765914992902144,30094,11671
788552643979468800,0,8186
788412144018661376,17115,6013
788178268662984705,7951,2413
788150585577050112,6750,1478
788070120937619456,0,3858
788039637453406209,6729,1495
787810552592695296,9525,3453
787717603741622272,11202,3147
787397959788929025,11890,3202
787322443945877504,8554,1976
787111942498508800,0,7581
786963064373534720,29128,9068
786729988674449408,0,2738
786709082849828864,19924,6883
786664955043049472,11704,2907
786595970293370880,10307,3510
786363235746385920,11960,3963
786286427768250368,8760,3245
786233965241827333,16825,5418
786051337297522688,1580,174
786036967502913536,0,7991
785927819176054784,12470,3568
785872687017132033,7328,2065
785639753186217984,8555,2499
785533386513321988,9996,2275
785515384317313025,6681,1433
785264754247995392,7970,1852
785170936622350336,13263,5501
784826020293709826,11126,3635
784517518371221505,9837,2868
784431430411685888,6222,1447
784183165795655680,22064,9121
784057939640352768,32785,12634
783839966405230592,32974,12230
783821107061198850,8064,2219
783695101801398276,11431,3631
783466772167098368,9276,2546
783391753726550016,18517,6231
783347506784731136,0,6342
783334639985389568,32017,13239
783085703974514689,8927,2501
782969140009107456,26427,8295
782747134529531904,8166,1569
782722598790725632,18903,6072
782598640137187329,8539,2124
782305867769217024,18261,6281
782021823840026624,0,7051
781955203444699136,12144,3796
781661882474196992,11432,3056
781655249211752448,4379,1258
781524693396357120,22717,6241
781308096455073793,7803,2870
781251288990355457,9252,2372
781163403222056960,10687,3073
780931614150983680,23672,8298
780858289093574656,7868,2249
780800785462489090,6039,1464
780601303617732608,13238,3750
780543529827336192,6896,1959
780496263422808064,0,4201
780476555013349377,0,133
780459368902959104,5776,1198
780192070812196864,9535,2526
780092040432480260,0,2590
780074436359819264,13413,5637
779834332596887552,20815,7991
779377524342161408,9657,3514
779124354206535695,0,20746
779123168116150273,12908,4104
779056095788752897,16180,5103
778990705243029504,21894,8216
778774459159379968,0,11217
778764940568104960,937,413
778748913645780993,7546,1506
778650543019483137,6316,1685
778624900596654080,5079,1137
778408200802557953,14887,4893
778396591732486144,0,13791
778383385161035776,6388,1238
778286810187399168,11347,3728
778039087836069888,9258,2980
778027034220126208,7172,1831
777953400541634568,0,3963
777885040357281792,6942,1846
777684233540206592,12270,3312
777641927919427584,0,4805
777621514455814149,9556,2810
777189768882946048,15618,4863
776819012571455488,0,15432
776813020089548800,5328,1360
776477788987613185,9684,3152
776249906839351296,0,10327
776218204058357768,32764,17976
776201521193218049,10468,2833
776113305656188928,12829,4905
776088319444877312,2001,171
775898661951791106,0,17402
775842724423557120,12772,3020
775733305207554048,15129,4503
775729183532220416,14093,5156
775364825476165632,8125,3359
775350846108426240,11077,4404
775085132600442880,16954,5327
774757898236878852,9303,1984
774639387460112384,7334,1955
774314403806253056,23734,6286
773985732834758656,11709,4362
773922284943896577,6967,1943
773704687002451968,7191,1837
773670353721753600,5811,1457
773547596996571136,24040,6937
773336787167145985,0,5737
773308824254029826,25319,8404
773247561583001600,10206,3598
773191612633579521,10889,4615
772877495989305348,9361,4369
772826264096874500,8691,2607
772615324260794368,0,3785
772581559778025472,7061,1907
772193107915964416,6543,1558
772152991789019136,4107,1264
772117678702071809,4083,820
772114945936949249,2948,527
772102971039580160,4358,1037
771908950375665664,7164,2120
771770456517009408,13094,3815
771500966810099713,9007,2934
771380798096281600,11493,5737
771171053431250945,0,8474
771136648247640064,10017,3273
771102124360998913,6774,1612
771014301343748096,7499,1857
771004394259247104,0,247
770787852854652928,5403,1371
770772759874076672,5654,1583
770743923962707968,0,51065
770655142660169732,7981,1961
770414278348247044,6859,2313
770293558247038976,6789,1670
770093767776997377,0,3415
770069151037685760,8243,2583
769940425801170949,34271,10823
769695466921623552,6967,1867
769335591808995329,0,8611
769212283578875904,5881,1920
768970937022709760,15693,7342
768909767477751808,0,3033
768855141948723200,4581,1003
768609597686943744,4485,1350
768596291618299904,5479,1434
768554158521745409,0,6534
768473857036525572,14813,3842
768193404517830656,11880,3963
767884188863397888,5182,1579
767754930266464257,17467,6047
767500508068192258,8143,2612
767191397493538821,13359,4279
767122157629476866,11010,3193
766864461642756096,0,6344
766793450729734144,5535,1525
766714921925144576,2823,428
766693177336135680,4396,885
766423258543644672,6549,1779
766313316352462849,7360,2112
766078092750233600,0,2897
766069199026450432,4657,977
766008592277377025,4061,557
765719909049503744,7861,2408
765669560888528897,5647,1364
765395769549590528,28613,3787
765371061932261376,7703,2408
765222098633691136,12637,3785
764857477905154048,6968,1971
764259802650378240,6584,1701
763956972077010945,798,61
763837565564780549,13721,4679
763183847194451968,5901,1658
763167063695355904,0,3384
763103485927849985,7985,2543
762699858130116608,13243,4061
762471784394268675,12285,7310
762464539388485633,11261,4708
762316489655476224,5251,1262
762035686371364864,34767,17450
761976711479193600,5876,2255
761750502866649088,0,4412
761745352076779520,4630,955
761672994376806400,53810,32479
761599872357261312,4491,1311
761371037149827077,0,19997
761334018830917632,5678,1615
761292947749015552,4860,1230
761227390836215808,5781,1725
761004547850530816,12242,3858
760893934457552897,4154,1081
760656994973933572,7179,2150
760641137271070720,5378,1443
760539183865880579,8234,4048
760521673607086080,4596,1564
760290219849637889,29092,12813
760252756032651264,4273,965
760190180481531904,6202,2019
760153949710192640,0,37
759943073749200896,6460,2327
759923798737051648,15959,6344
759846353224826880,7295,2214
759793422261743616,6484,2126
759566828574212096,0,23647
759557299618865152,5103,1310
759447681597108224,9231,2738
759446261539934208,1813,547
759197388317847553,6583,2165
759159934323924993,0,1308
759099523532779520,15771,4679
759047813560868866,7075,2244
758854675097526272,3849,995
758828659922702336,12141,4264
758740312047005698,6217,1779
758474966123810816,4143,1102
758467244762497024,5218,2478
758405701903519748,5644,2141
758355060040593408,3725,1207
758099635764359168,20855,11217
758041019896193024,2945,422
757741869644341248,7473,3609
757729163776290825,0,9062
757725642876129280,4930,1362
757611664640446465,4942,1241
757597904299253760,0,323
757596066325864448,4731,1180
757400162377592832,16440,7583
757393109802180609,6330,1942
757354760399941633,4908,1585
756998049151549440,6798,2211
756939218950160384,7212,2231
756651752796094464,5502,1474
756526248105566208,11299,4043
756303284449767430,4287,1201
756288534030475264,45808,19407
756275833623502848,6982,1702
755955933503782912,7947,3203
755206590534418437,17836,5988
755110668769038337,22986,12320
754874841593970688,0,8937
754856583969079297,7447,2801
754747087846248448,2790,581
754482103782404096,5747,2160
754449512966619136,4072,819
754120377874386944,8494,2594
754011816964026368,9543,4005
753655901052166144,6336,2425
753420520834629632,8575,3976
753398408988139520,6273,2132
753375668877008896,8250,2590
753298634498793472,0,6430
753294487569522689,3692,1157
753039830821511168,40239,23317
753026973505581056,4217,1083
752932432744185856,13690,7581
752917284578922496,7443,1745
752701944171524096,0,3206
752682090207055872,6522,1788
752660715232722944,4783,1748
752568224206688256,6019,2541
752519690950500352,7988,3819
752334515931054080,4140,1229
752309394570878976,0,18533
752173152931807232,6447,2052
751950017322246144,3343,1035
751937170840121344,5659,1491
751830394383790080,6290,2168
751793661361422336,6353,3245
751598357617971201,8544,3358
751583847268179968,4784,1239
751538714308972544,5448,1403
751456908746354688,3468,1098
751251247299190784,13545,6526
751205363882532864,6823,2032
751132876104687617,5514,1445
750868782890057730,5193,1545
750719632563142656,14307,5600
750506206503038976,4821,1277
750429297815552001,14276,4805
750383411068534784,4913,1268
750381685133418496,745,35
750147208377409536,3341,1071
750132105863102464,3922,1402
750117059602808832,4666,1437
750101899009982464,3294,934
750086836815486976,2345,604
750071704093859840,8480,3712
750056684286914561,3381,986
750041628174217216,3433,686
750026558547456000,2934,873
750011400160841729,3506,1008
749996283729883136,3272,891
749981277374128128,5522,2715
749774190421639168,5026,1456
749417653287129088,6601,1855
749403093750648834,2834,607
749395845976588288,9302,3844
749317047558017024,5933,2454
749075273010798592,6238,2298
749064354620928000,5186,1678
749036806121881602,3349,866
748977405889503236,11612,3788
748932637671223296,6325,2496
748705597323898880,2987,1044
748699167502000129,5116,1769
748692773788876800,4580,1472
748575535303884801,6559,2207
748568946752774144,2363,748
748346686624440324,5635,1372
748337862848962560,8286,4575
748324050481647620,4002,846
748307329658011649,3964,792
748220828303695873,15247,8626
747963614829678593,6257,2389
747933425676525569,7156,2827
747885874273214464,3182,1093
747844099428986880,3027,824
747816857231626240,5236,1285
747651430853525504,1490,174
747648653817413632,13917,6459
747600769478692864,2503,603
747594051852075008,3972,1172
747512671126323200,5997,1751
747461612269887489,4175,1145
747439450712596480,5867,2134
747242308580548608,0,3184
747219827526344708,5693,1740
747204161125646336,3656,1013
747103485104099331,10343,4429
746906459439529985,3112,328
746872823977771008,6451,2370
746818907684614144,5699,1896
746790600704425984,5247,1766
746757706116112384,10285,4303
746726898085036033,6504,1981
746542875601690625,5422,2056
746521445350707200,0,1085
746507379341139972,5003,1196
746369468511756288,6509,1815
746131877086527488,7420,2439
746056683365994496,3822,909
745789745784041472,4354,1175
745712589599014916,7511,2568
745433870967832576,7656,2806
745422732645535745,9232,2699
745314880350101504,7706,3065
745074613265149952,8427,3877
745057283344719872,7788,2527
744995568523612160,3218,693
744971049620602880,8475,2964
744709971296780288,6026,1716
744334592493166593,7267,2367
744234799360020481,128580,77604
744223424764059648,1825,413
743980027717509120,4468,1202
743895849529389061,3921,1054
743835915802583040,0,2313
743609206067040256,4820,1518
743595368194129920,19870,7250
743545585370791937,3786,1038
743510151680958465,8490,4070
743253157753532416,4542,1332
743222593470234624,6662,2105
743210557239623680,4124,1507
742534281772302336,7577,3912
742528092657332225,4783,2191
742465774154047488,7796,4272
742423170473463808,10598,4201
742385895052087300,7308,2197
742161199639494656,4662,1511
742150209887731712,5535,1725
741793263812808706,4892,1661
741743634094141440,8773,3044
741438259667034112,3944,919
741303864243200000,9433,3559
741099773336379392,10767,6087
741067306818797568,10141,3415
740995100998766593,6878,3054
740711788199743490,3664,1031
740699697422163968,3046,860
740676976021798912,19490,7506
740373189193256964,37244,14669
740365076218183684,2666,481
740359016048689152,3546,942
740214038584557568,7184,2167
739979191639244800,21428,6534
739932936087216128,4359,1184
739844404073074688,4066,934
739623569819336705,4093,1503
739606147276148736,5791,1826
739544079319588864,42745,23647
739485634323156992,7741,3234
739238157791694849,73568,51065
738891149612572673,115,6
738885046782832640,4042,1251
738883359779196928,3588,893
738537504001953792,5468,1719
738402415918125056,3520,934
738184450748633089,4635,1331
738166403467907072,9436,3746
738156290900254721,2709,727
737826014890496000,5649,1953
737800304142471168,10716,3810
737678689543020544,5414,1469
737445876994609152,11080,4917
737322739594330112,3873,884
737310737551491075,15741,8147
736736130620620800,4632,1920
736392552031657984,19058,8186
736365877722001409,4292,1371
736225175608430592,8720,3040
736010884653420544,8485,3267
735991953473572864,3864,1263
735648611367784448,4309,1201
735635087207878657,6643,2595
735274964362878976,13954,5593
735256018284875776,3600,968
735137028879360001,3353,1061
734912297295085568,2930,564
734787690684657664,13466,6925
734776360183431168,2686,593
734559631394082816,1606,433
733828123016450049,3853,854
733822306246479872,3937,1106
733482008106668032,3369,1042
733460102733135873,4512,1409
733109485275860992,45534,17402
732732193018155009,2613,588
732726085725589504,3787,969
732585889486888962,3950,849
732375214819057664,8655,2761
732005617171337216,15999,5998
731285275100512256,3733,1075
731156023742988288,4107,1392
730924654643314689,6564,2173
730573383004487680,5275,2372
730427201120833536,3718,1146
730211855403241472,4099,1150
730196704625098752,5232,2117
729854734790754305,4310,1223
729838605770891264,1823,418
729823566028484608,4275,1362
729463711119904772,6220,2523
729113531270991872,2019,361
728986383096946689,3395,893
728760639972315136,4994,1858
728751179681943552,2990,741
728653952833728512,3548,1140
728409960103686147,5278,2206
728387165835677696,3933,1046
728046963732717569,4625,1289
728035342121635841,4861,1836
728015554473250816,4398,1197
727685679342333952,3137,698
727644517743104000,6317,1916
727524757080539137,4788,1340
727314416056803329,3551,817
727286334147182592,3247,900
727175381690781696,4136,1497
727155742655025152,3895,1454
726935089318363137,7358,2680
726887082820554753,4108,1646
726828223124897792,3799,1099
726224900189511680,4722,1270
725842289046749185,7541,2897
725786712245440512,4452,1489
725729321944506368,5542,1949
725458796924002305,1511,681
724983749226668032,3962,1432
724771698126512129,2537,701
724405726123311104,5681,1805
724049859469295616,4641,1938
724046343203856385,2849,608
724004602748780546,4479,1735
723912936180330496,4150,1343
723688335806480385,8261,3263
723673163800948736,3235,978
723179728551723008,5668,2055
722974582966214656,4393,1719
722613351520608256,5296,1791
721503162398597120,4988,2057
721001180231503872,2695,672
720785406564900865,3328,843
720775346191278080,2647,743
720415127506415616,4407,1636
720389942216527872,6853,2764
720340705894408192,3065,1067
720059472081784833,4156,1238
720043174954147842,5236,2192
719991154352222208,5171,1921
719704490224398336,4879,1588
719551379208073216,5406,2119
719367763014393856,2979,806
719339463458033665,4709,1368
719332531645071360,3647,1044
718971898235854848,3733,1204
718939241951195136,5607,1921
718631497683582976,20255,8862
718613305783398402,2617,528
718540630683709445,2664,1107
718460005985447936,2889,583
718454725339934721,5214,1644
718246886998687744,2057,549
718234618122661888,4134,1094
717841801130979328,2617,652
717790033953034240,3103,1237
717537687239008257,6158,2015
717428917016076293,1707,498
717421804990701568,3375,924
717047459982213120,6698,2085
717009362452090881,3495,1073
716802964044845056,4559,1282
716791146589110272,5906,1518
716730379797970944,1309,461
716447146686459905,14030,6435
716439118184652801,2524,241
716285507865542656,2972,1193
716080869887381504,5225,1910
715928423106027520,3425,960
715758151270801409,3993,1562
715733265223708672,4983,1857
715704790270025728,2995,619
715696743237730304,4177,1414
715680795826982913,4620,1776
715360349751484417,5845,1720
715342466308784130,3228,749
715220193576927233,2573,717
715200624753819648,5473,2061
715009755312439296,4457,1357
714982300363173890,4013,1132
714962719905021952,7867,4686
714957620017307648,4423,1552
714631576617938945,3495,1093
714606013974974464,3870,1018
714485234495041536,2899,1274
714258258790387713,3213,787
714251586676113411,3497,918
714214115368108032,2429,963
714141408463036416,4594,1533
713919462244790272,3496,851
713909862279876608,2042,598
713900603437621249,3017,813
713761197720473600,5207,1504
713411074226274305,4713,1411
713177543487135744,7703,3107
713175907180089344,4764,1594
712809025985978368,19921,7385
712717840512598017,13225,5461
712668654853337088,4447,1330
712438159032893441,5687,1709
712309440758808576,262,25
712097430750289920,4068,1139
712092745624633345,3151,991
712085617388212225,3456,535
712065007010385924,2419,689
711998809858043904,0,137
711968124745228288,8613,2530
711743778164514816,3042,1078
711732680602345472,9532,4524
711694788429553666,35157,19997
711652651650457602,4142,1008
711363825979756544,3918,1252
711306686208872448,3535,800
711008018775851008,3207,686
710997087345876993,4869,1528
710844581445812225,2729,752
710833117892898816,2883,588
710658690886586372,2468,618
710609963652087808,5132,2569
710588934686908417,4881,2055
710296729921429505,2531,805
710283270106132480,2274,567
710272297844797440,4845,1379
710269109699739648,2571,1232
710153181850935296,3104,972
710140971284037632,2957,980
710117014656950272,5889,2185
709918798883774466,3192,1177
709901256215666688,718,109
709852847387627521,3749,1306
709566166965075968,3777,1327
709556954897764353,3512,1165
709519240576036864,1592,263
709449600415961088,2381,647
709409458133323776,2805,764
709225125749587968,2562,628
709207347839836162,13481,6402
709198395643068416,2581,703
709179584944730112,2154,740
709158332880297985,2188,454
709042156699303936,5105,1804
708853462201716736,1913,720
708845821941387268,3176,984
708834316713893888,1823,551
708810915978854401,17680,7632
708738143638450176,2931,892
708711088997666817,2727,800
708479650088034305,2723,745
708469915515297792,3295,898
708400866336894977,17156,11075
708356463048204288,3863,1482
708349470027751425,2521,809
708149363256774660,4571,1691
708130923141795840,3629,920
708119489313951744,2876,1070
708109389455101952,2074,592
708026248782585858,4676,2111
707995814724026368,3319,1229
707983188426153984,51,2
707969809498152960,2887,1065
707776935007539200,3512,1041
707741517457260545,2663,672
707738799544082433,4395,2710
707693576495472641,3668,1096
707629649552134146,2767,963
707610948723478529,18182,7051
707420581654872064,2442,769
707411934438625280,2437,655
707387676719185920,3758,1437
707377100785885184,3525,1181
707315916783140866,2647,705
707297311098011648,2951,881
707059547140169728,2755,742
707038192327901184,2357,880
707021089608753152,4347,1508
707014260413456384,2461,648
706904523814649856,15621,8611
706901761596989440,2220,662
706681918348251136,3554,1063
706644897839910912,2764,1202
706593038911545345,2312,692
706538006853918722,3709,1542
706516534877929472,3322,1132
706346369204748288,3694,1009
706310011488698368,23002,8781
706291001778950144,1820,511
706265994973601792,2920,1005
706169069255446529,4202,2441
706166467411222528,5518,1767
706153300320784384,1599,421
705975130514706432,3328,812
705970349788291072,3371,979
705898680587526145,2543,622
705786532653883392,2093,583
705591895322394625,3400,1270
705475953783398401,3176,1013
705442520700944385,4779,1816
705428427625635840,4094,1868
705239209544720384,3216,823
705223444686888960,2766,882
705102439679201280,2307,566
705066031337840642,2329,664
704871453724954624,4528,1221
704859558691414016,2419,601
704847917308362754,5484,1688
704819833553219584,2836,1107
704761120771465216,7130,3184
704499785726889984,3154,1095
704491224099647488,820,94
704480331685040129,3647,1162
704364645503647744,8627,3901
704347321748819968,1696,386
704134088924532736,1623,509
704113298707505153,1988,616
704054845121142784,3137,1004
703774238772166656,1980,511
703769065844768768,3535,1248
703631701117943808,2786,758
703611486317502464,4141,1668
703425003149250560,4085,1518
703407252292673536,2644,762
703382836347330562,3765,1254
703356393781329922,2046,424
703268521220972544,2111,609
703079050210877440,7926,3392
703041949650034688,28400,13791
702932127499816960,2779,797
702899151802126337,1736,495
702684942141153280,3453,1183
702671118226825216,2349,617
702598099714314240,11105,3612
702539513671897089,3078,1056
702332542343577600,3433,1708
702321140488925184,3531,1133
702276748847800320,2656,837
702217446468493312,5164,1474
701981390485725185,3692,1085
701952816642965504,4098,1118
701889187134500865,3830,1515
701805642395348998,3680,1859
701601587219795968,2240,506
701570477911896070,3022,1028
701545186879471618,2843,665
701214700881756160,13167,5649
700890391244103680,2389,632
700864154249383937,2782,671
700847567345688576,2608,546
700796979434098688,2613,1050
700747788515020802,24567,10327
700518061187723268,2826,876
700505138482569216,2444,626
700462010979500032,4455,1976
700167517596164096,2844,820
700151421916807169,2407,729
700143752053182464,8107,3033
700062718104104960,2835,761
700029284593901568,2219,638
700002074055016451,3550,1479
699801817392291840,3275,1063
699788877217865730,2415,543
699779630832685056,2975,1363
699775878809702401,2102,670
699691744225525762,11015,5048
699446877801091073,6372,2872
699434518667751424,2331,560
699423671849451520,1473,365
699413908797464576,2215,678
699370870310113280,2014,482
699323444782047232,3391,954
699088579889332224,2399,692
699079609774645248,2627,719
699072405256409088,3229,1301
699060279947165696,4060,1994
699036661657767936,2804,1312
698989035503689728,3636,1082
698953797952008193,2906,988
698907974262222848,2728,680
698710712454139905,2657,753
698703483621523456,1560,415
698635131305795584,1377,374
698549713696649216,2488,682
698355670425473025,2005,494
698342080612007937,2434,1042
698262614669991936,5098,2214
698195409219559425,18022,6566
698178924120031232,3018,810
697995514407682048,1635,364
697990423684476929,3528,1421
697943111201378304,2579,756
697881462549430272,3242,1302
697630435728322560,1873,593
697616773278015490,3390,1113
697596423848730625,3248,1382
697575480820686848,2197,555
697516214579523584,2229,1247
697482927769255936,2601,745
697463031882764288,3666,1513
697270446429966336,5015,2042
697259378236399616,3534,1097
697255105972801536,3246,1276
697242256848379904,2701,734
696900204696625153,3434,1126
696894894812565505,2527,740
696886256886657024,5185,1969
696877980375769088,2627,782
696754882863349760,1579,389
696744641916489729,2239,1046
696713835009417216,2554,722
696518437233913856,4194,1852
696490539101908992,1313,163
696488710901260288,2730,1136
696405997980676096,3455,1251
696100768806522880,2081,728
695816827381944320,3220,1283
695794761660297217,3416,856
695767669421768709,2011,819
695629776980148225,4914,2324
695446424020918272,4669,1987
695409464418041856,9247,3918
695314793360662529,3917,1625
695095422348574720,2826,674
695074328191332352,3057,1210
695064344191721472,1726,661
695051054296211456,2864,866
694925794720792577,2898,1010
694905863685980160,2972,1030
694669722378485760,38269,15893
694356675654983680,1618,317
694352839993344000,2187,683
694342028726001664,1687,533
694329668942569472,2155,550
694206574471057408,4500,2244
694183373896572928,3160,1019
694001791655137281,3634,1138
693993230313091072,2008,445
693942351086120961,1856,406
693647888581312512,2897,652
693644216740769793,1443,142
693642232151285760,2732,457
693629975228977152,2632,880
693622659251335168,1655,407
693590843962331137,5447,2162
693582294167244802,1765,283
693486665285931008,1904,686
693280720173801472,3602,1364
693267061318012928,2558,900
693262851218264065,2394,551
693231807727280129,3071,810
693155686491000832,8482,3525
693109034023534592,1845,672
693095443459342336,2011,508
692919143163629568,2862,818
692905862751522816,2620,969
692901601640583168,1927,663
692894228850999298,2448,885
692828166163931137,3091,965
692752401762250755,7340,4008
692568918515392513,4653,1687
692535307825213440,3434,1491
692530551048294401,1983,461
692423280028966913,1585,254
692417313023332352,10071,3818
692187005137076224,2704,903
692158366030913536,2311,879
692142790915014657,1761,430
692041934689402880,3645,1396
692017291282812928,3081,1054
691820333922455552,4238,1808
691793053716221953,8746,4621
691756958957883396,3110,1128
691675652215414786,2077,561
691483041324204033,2550,632
691459709405118465,4358,1262
691444869282295808,2843,935
691416866452082688,20818,8424
691321916024623104,2776,727
691096613310316544,3186,984
691090071332753408,1834,375
690989312272396288,6363,3164
690959652130045952,3841,1385
690938899477221376,4449,2196
690932576555528194,3530,1119
690735892932222976,4047,1410
690728923253055490,2328,572
690690673629138944,2492,870
690649993829576704,1406,309
690607260360429569,312,19
690597161306841088,2110,661
690400367696297985,2002,497
690374419777196032,3489,952
690360449368465409,2860,979
690348396616552449,1613,559
690248561355657216,1809,455
690021994562220032,2999,1142
690015576308211712,2688,812
690005060500217858,3921,1860
689999384604450816,1529,414
689993469801164801,1574,505
689977555533848577,1461,490
689905486972461056,2603,764
689877686181715968,3237,1308
689835978131935233,2322,830
689661964914655233,3432,1015
689659372465688576,11187,4294
689623661272240129,2404,717
689599056876867584,12517,6086
689557536375177216,2212,509
689517482558820352,3644,1572
689289219123089408,2421,1022
689283819090870273,3533,1219
689280876073582592,2145,791
689275259254616065,1245,272
689255633275777024,2758,1184
689154315265683456,3291,1105
689143371370250240,2184,571
688916208532455424,2931,960
688908934925697024,2271,851
688898160958271489,2257,868
688894073864884227,2400,773
688828561667567616,1476,407
688804835492233216,1027,217
688789766343622656,2378,729
688547210804498433,2800,771
688519176466644993,2473,802
688385280030670848,9998,4908
688211956440801280,2384,924
688179443353796608,2270,647
688116655151435777,3024,864
688064179421470721,1840,397
687841446767013888,5883,2793
687826841265172480,2929,1255
687818504314159109,2696,1058
687807801670897665,2569,770
687732144991551489,1889,727
687704180304273409,2620,932
687664829264453632,2084,566
687494652870668288,2057,635
687480748861947905,1717,275
687476254459715584,2126,595
687460506001633280,2194,595
687399393394311168,2035,689
687317306314240000,21635,10115
687312378585812992,4676,2096
687127927494963200,5876,2524
687124485711986689,2324,557
687109925361856513,6237,2724
687102708889812993,2513,1093
687096057537363968,2406,674
686947101016735744,9256,3497
686760001961103360,3771,1516
686749460672679938,3739,1619
686730991906516992,4459,1318
686683045143953408,3010,885
686618349602762752,3954,1502
686606069955735556,2028,595
686394059078897668,1891,754
686386521809772549,3484,977
686377065986265092,2382,623
686358356425093120,2359,753
686286779679375361,4299,1843
686050296934563840,2369,814
686035780142297088,1247,134
686034024800862208,3349,1295
686007916130873345,2652,462
686003207160610816,1957,707
685973236358713344,2268,590
685943807276412928,1760,678
685906723014619143,8094,3212
685681090388975616,2179,140
685667379192414208,2511,638
685663452032069632,3487,1611
685641971164143616,3149,856
685547936038666240,35458,17304
685532292383666176,3265,1272
685325112850124800,10224,4412
685321586178670592,2850,714
685315239903100929,3595,1192
685307451701334016,2216,486
685268753634967552,3340,1336
685198997565345792,2498,737
685169283572338688,4398,1579
684969860808454144,2467,423
684959798585110529,7165,3451
684940049151070208,3450,1155
684926975086034944,3770,528
684914660081053696,3761,1614
684902183876321280,2015,590
684880619965411328,2256,913
684830982659280897,37749,23832
684800227459624960,2916,1090
684594889858887680,9627,3909
684588130326986752,4425,1554
684567543613382656,3234,1370
684538444857667585,2850,1063
684481074559381504,4149,1293
684460069371654144,2123,614
684241637099323392,8786,3639
684225744407494656,1334,234
684222868335505415,4134,1528
684200372118904832,2336,1137
684195085588783105,2059,574
684188786104872960,3739,1302
684177701129875456,2170,742
684147889187209216,3199,1654
684122891630342144,2135,526
684097758874210310,4417,1585
683857920510050305,4073,1229
683852578183077888,2063,388
683849932751646720,2820,1083
683834909291606017,2816,1224
683828599284170753,2995,1162
683773439333797890,3604,1488
683742671509258241,7011,3677
683515932363329536,7902,3206
683498322573824003,3397,1058
683481228088049664,2821,1090
683462770029932544,2615,742
683449695444799489,4182,1774
683391852557561860,8175,2631
683357973142474752,3161,1037
683142553609318400,3094,1151
683111407806746624,3656,1010
683098815881154561,2324,717
683078886620553216,2130,617
683030066213818368,2316,807
682962037429899265,39850,18472
682808988178739200,1905,205
682788441537560576,2652,1234
682750546109968385,1632,479
682697186228989953,1411,393
682662431982772225,3267,1181
682638830361513985,2208,660
682429480204398592,3683,1281
682406705142087680,8147,1952
682393905736888321,2389,753
682389078323662849,1790,512
682303737705140231,3304,1102
682259524040966145,4476,1351
682242692827447297,3489,1302
682088079302213632,19698,10955
682059653698686977,5322,1873
682047327939461121,3448,1063
682032003584274432,7070,2230
682003177596559360,3381,1678
681981167097122816,2966,1133
681891461017812993,2646,921
681694085539872773,13735,4453
681679526984871937,1885,489
681654059175129088,2838,1026
681610798867845120,2052,520
681579835668455424,3808,1450
681523177663676416,15391,6430
681340665377193984,1763,306
681339448655802368,9983,4479
681320187870711809,2853,842
681302363064414209,4241,2021
681297372102656000,3418,1059
681281657291280384,3445,1215
681261549936340994,1558,300
681242418453299201,1607,603
681231109724700672,2564,531
681193455364796417,3983,1641
680970795137544192,2600,726
680959110691590145,4889,2196
680940246314430465,3460,1170
680934982542561280,2230,486
680913438424612864,2557,683
680889648562991104,1894,404
680836378243002368,3686,1478
680805554198020098,2320,732
680801747103793152,2541,909
680798457301471234,3062,1151
680609293079592961,2825,790
680583894916304897,3862,1477
680497766108381184,4545,2114
680494726643068929,1839,531
680473011644985345,2714,823
680440374763077632,1551,553
680221482581123072,1563,320
680206703334408192,3039,1293
680191257256136705,2297,563
680176173301628928,4181,1723
680161097740095489,2477,807
680145970311643136,3877,1918
680130881361686529,2461,1045
680115823365742593,2901,1006
680100725817409536,3812,1510
680085611152338944,13686,9795
680070545539371008,2754,964
680055455951884288,17911,7853
679877062409191424,2106,706
679872969355714560,2318,728
679862121895714818,2632,685
679854723806179328,3075,1357
679844490799091713,2539,861
679828447187857408,38869,15432
679777920601223168,3307,1238
679736210798047232,2247,883
679729593985699840,2315,909
679722016581222400,1773,521
679530280114372609,5098,2285
679527802031484928,2844,803
679511351870550016,3613,1420
679503373272485890,3394,1633
679475951516934144,2250,704
679462823135686656,34086,20746
679405845277462528,2546,1332
679158373988876288,23037,8937
679148763231985668,2963,1134
679132435750195208,3174,1278
679111216690831360,6391,2823
679062614270468097,18329,9062
679047485189439488,2412,754
679001094530465792,3018,1356
678991772295516161,2490,1289
678969228704284672,1753,509
678800283649069056,2747,991
678798276842360832,3729,1307
678774928607469569,2969,1016
678767140346941444,3768,1510
678764513869611008,1739,528
678755239630127104,7639,3655
678740035362037760,4005,1879
678708137298427904,5945,2678
678675843183484930,3075,1637
678643457146150913,2191,473
678446151570427904,4264,1732
678424312106393600,5788,2803
678410210315247616,4535,2007
678399652199309312,62003,30373
678396796259975168,1693,462
678389028614488064,1993,462
678380236862578688,2598,988
678341075375947776,1842,591
678334497360859136,1381,295
678278586130948096,12256,6661
678255464182861824,1690,408
678023323247357953,2052,427
678021115718029313,14678,6978
677961670166224897,3627,1835
677918531514703872,1435,447
677895101218201600,5156,2324
677716515794329600,3246,1070
677700003327029250,3610,1571
677698403548192770,1301,349
677687604918272002,2630,924
677673981332312066,3550,1639
677662372920729601,2080,1069
677644091929329666,2003,871
677573743309385728,2278,803
677565715327688705,1371,502
677557565589463040,2599,1275
677547928504967168,7385,3973
677530072887205888,1131,245
677335745548390400,3251,1957
677334615166730240,1441,321
677331501395156992,1159,260
677328882937298944,3861,1638
677314812125323265,1751,589
677301033169788928,1323,454
677269281705472000,2114,773
677228873407442944,3766,1791
677187300187611136,2908,1004
676975532580409345,2942,1172
676957860086095872,2342,884
676949632774234114,1377,431
676948236477857792,2303,954
676946864479084545,1807,412
676942428000112642,2203,837
676936541936185344,13509,5375
676916996760600576,3156,1955
676897532954456065,2381,795
676864501615042560,2237,782
676821958043033607,24552,17066
676819651066732545,1913,723
676811746707918848,1506,460
676776431406465024,5291,2190
676617503762681856,3072,1076
676613908052996102,1153,211
676606785097199616,1998,480
676603393314578432,1244,429
676593408224403456,4845,2350
676590572941893632,976,139
676588346097852417,2475,868
676582956622721024,1277,307
676575501977128964,2740,1228
676533798876651520,1986,607
676496375194980353,1598,583
676470639084101634,12358,5099
676440007570247681,1818,733
676430933382295552,1476,377
676263575653122048,2188,592
676237365392908289,1295,324
676219687039057920,79136,33807
676215927814406144,1839,641
676191832485810177,2413,1117
676146341966438401,2035,726
676121918416756736,2271,1270
676101918813499392,2971,1255
676098748976615425,3193,1564
676089483918516224,1391,466
675898130735476737,1737,632
675891555769696257,2255,949
675888385639251968,2524,1040
675878199931371520,4424,1532
675870721063669760,1738,613
675853064436391936,2850,1414
675849018447167488,1000,166
675845657354215424,2416,969
675822767435051008,1613,578
675820929667219457,1109,249
675798442703122432,10851,3679
675781562965868544,1701,515
675740360753160193,1227,376
675710890956750848,2001,901
675707330206547968,2104,749
675706639471788032,680,104
675534494439489536,1904,454
675531475945709568,1244,420
675522403582218240,1095,308
675517828909424640,1382,494
675501075957489664,18115,6312
675497103322386432,3315,1411
675489971617296384,1367,648
675483430902214656,1946,1053
675432746517426176,1600,615
675372240448454658,1798,547
675362609739206656,1105,251
675354435921575936,34539,18533
675349384339542016,4152,2451
675334060156301312,2934,1395
675166823650848770,3817,1748
675153376133427200,6640,2818
675149409102012420,3942,1823
675147105808306176,999,261
675146535592706048,1264,339
675145476954566656,2246,971
675135153782571009,1364,532
675113801096802304,2056,851
675111688094527488,1014,274
675109292475830276,2931,1221
675047298674663426,1114,355
675015141583413248,2852,1293
675006312288268288,1027,244
675003128568291329,1630,506
674999807681908736,2367,1195
674805413498527744,910,383
674800520222154752,3163,931
674793399141146624,2638,1180
674790488185167872,1157,272
674788554665512960,848,225
674781762103414784,2098,1309
674774481756377088,1184,514
674767892831932416,1927,859
674764817387900928,829,259
674754018082705410,1431,482
674752233200820224,1547,502
674743008475090944,1471,591
674742531037511680,515,54
674739953134403584,1175,423
674737130913071104,675,100
674690135443775488,1204,500
674670581682434048,1702,701
674664755118911488,970,272
674646392044941312,1505,541
674644256330530816,1076,296
674638615994089473,1764,630
674632714662858753,1569,618
674606911342424069,987,109
674468880899788800,6518,2212
674447403907457024,1115,384
674436901579923456,1170,421
674422304705744896,1495,572
674416750885273600,713,150
674410619106390016,1253,504
674394782723014656,1571,616
674372068062928900,894,333
674330906434379776,584,78
674318007229923329,1480,555
674307341513269249,11889,7443
674291837063053312,15475,6342
674271431610523648,1644,778
674269164442398721,935,246
674265582246694913,1715,902
674262580978937856,1358,489
674255168825880576,1536,602
674082852460433408,786,182
674075285688614912,1021,307
674063288070742018,6667,2387
674053186244734976,3486,1406
674051556661161984,1521,518
674045139690631169,1482,692
674042553264685056,753,138
674038233588723717,1150,439
674036086168010753,877,234
674024893172875264,1874,1314
674019345211760640,1184,323
674014384960745472,1639,696
674008982932058114,1255,380
673956914389192708,2044,1039
673919437611909120,1218,389
673906403526995968,3337,1747
673887867907739649,975,270
673716320723169284,3222,815
673715861853720576,3716,2240
673711475735838725,1087,319
673709992831262724,885,297
673708611235921920,1118,309
673707060090052608,1151,421
673705679337693185,1310,423
673700254269775872,1492,610
673697980713705472,3974,2094
673689733134946305,1818,691
673688752737402881,1318,528
673686845050527744,1505,466
673680198160809984,1427,502
673662677122719744,1305,385
673656262056419329,750,260
673636718965334016,1170,397
673612854080196609,1652,779
673583129559498752,1240,393
673580926094458881,864,285
673576835670777856,1441,597
673363615379013632,1065,332
673359818736984064,1521,714
673355879178194945,1555,630
673352124999274496,1720,576
673350198937153538,763,224
673345638550134785,2633,1377
673343217010679808,1011,284
673342308415348736,1319,632
673320132811366400,14127,8474
673317986296586240,902,282
673295268553605120,7848,3384
673270968295534593,1106,395
673240798075449344,1478,773
673213039743795200,2351,903
673148804208660480,1776,674
672997845381865473,2046,766
672995267319328768,994,317
672988786805112832,1013,306
672984142909456390,1300,576
672980819271634944,1879,1053
672975131468300288,1761,983
672970152493887488,997,375
672968025906282496,1370,587
672964561327235073,1482,688
672902681409806336,1421,535
672898206762672129,925,446
672884426393653248,1623,880
672877615439593473,1068,392
672834301050937345,1369,612
672828477930868736,1309,518
672640509974827008,1011,342
672622327801233409,1351,525
672614745925664768,1273,625
672609152938721280,1158,411
672604026190569472,1163,432
672594978741354496,1379,642
672591762242805761,988,353
672591271085670400,759,199
672538107540070400,1069,395
672523490734551040,678,184
672488522314567680,1161,469
672482722825261057,1182,643
672481316919734272,739,130
672475084225949696,1499,746
672466075045466113,1411,574
672272411274932228,6725,3592
672267570918129665,1557,648
672264251789176834,1193,365
672256522047614977,2934,1655
672254177670729728,1481,784
672248013293752320,1792,645
672245253877968896,714,165
672239279297454080,930,338
672231046314901505,1916,1068
672222792075620352,815,225
672205392827572224,2356,1227
672169685991993344,1058,394
672160042234327040,906,383
672139350159835138,1829,769
672125275208069120,2507,1214
672095186491711488,1034,389
672082170312290304,980,390
672068090318987265,1354,546
671896809300709376,8805,4413
671891728106971137,1386,597
671882082306625538,3608,1459
671879137494245376,1477,729
671874878652489728,1302,585
671866342182637568,1170,535
671855973984772097,953,483
671789708968640512,7361,3703
671768281401958400,1240,554
671763349865160704,1751,976
671744970634719232,1397,819
671743150407421952,768,241
671735591348891648,1498,794
671729906628341761,8914,4642
671561002136281088,13409,7698
671550332464455680,953,220
671547767500775424,1414,635
671544874165002241,2079,1115
671542985629241344,1139,601
671538301157904385,962,420
671536543010570240,1225,436
671533943490011136,1071,612
671528761649688577,877,273
671520732782923777,1457,564
671518598289059840,986,309
671511350426865664,1683,772
671504605491109889,7337,3753
671497587707535361,962,474
671488513339211776,1050,498
671486386088865792,607,219
671485057807351808,791,245
671390180817915904,1475,783
671362598324076544,1164,311
671357843010908160,415,155
671355857343524864,495,118
671347597085433856,1012,461
671186162933985280,766,228
671182547775299584,1168,364
671166507850801152,910,375
671163268581498880,1733,1178
671159727754231808,388,86
671154572044468225,748,229
671151324042559489,697,161
671147085991960577,698,242
671141549288370177,1216,693
671138694582165504,967,426
671134062904504320,778,205
671122204919246848,3647,2695
671115716440031232,1406,819
671109016219725825,1192,467
670995969505435648,1152,309
670842764863651840,25582,9324
670840546554966016,616,207
670838202509447168,1162,736
670833812859932673,464,132
670832455012716544,765,231
670826280409919488,5808,4325
670823764196741120,806,201
670822709593571328,634,102
670815497391357952,3313,1647
670811965569282048,1173,286
670807719151067136,1195,521
670804601705242624,2050,1005
670803562457407488,351,93
670797304698376195,758,250
670792680469889025,868,293
670789397210615808,691,254
670786190031921152,627,213
670783437142401025,851,419
670782429121134593,1644,834
670780561024270336,808,305
670778058496974848,340,76
670764103623966721,1119,452
670755717859713024,465,120
670733412878163972,999,538
670727704916926465,866,391
670717338665226240,1269,528
670704688707301377,790,392
670691627984359425,610,256
670679630144274432,779,308
670676092097810432,261,45
670668383499735048,11181,5360
670474236058800128,1588,811
670468609693655041,364,89
670465786746662913,1010,588
670452855871037440,571,220
670449342516494336,1237,714
670444955656130560,6991,2097
670442337873600512,677,207
670435821946826752,1096,557
670434127938719744,1466,688
670433248821026816,335,121
670428280563085312,1448,675
670427002554466305,536,174
670421925039075328,1366,682
670420569653809152,656,332
670417414769758208,591,341
670411370698022913,2131,960
670408998013820928,582,237
670403879788544000,449,169
670385711116361728,584,227
670374371102445568,768,286
670361874861563904,340,71
670338931251150849,444,118
670319130621435904,4011,1308
670303360680108032,442,143
670290420111441920,736,300
670093938074779648,1076,358
670086499208155136,724,267
670079681849372674,2328,1338
670073503555706880,1628,843
670069087419133954,661,262
670061506722140161,798,367
670055038660800512,695,351
670046952931721218,674,187
670040295598354432,784,117
670037189829525505,610,296
670003130994700288,345,98
669993076832759809,337,89
669972011175813120,461,171
669970042633789440,313,64
669942763794931712,528,180
669926384437997569,393,111
669923323644657664,245,61
669753178989142016,840,426
669749430875258880,283,68
669684865554620416,544,94
669683899023405056,408,116
669682095984410625,366,141
669680153564442624,697,305
669661792646373376,841,463
669625907762618368,3688,1915
669603084620980224,988,392
669597912108789760,535,160
669583744538451968,1549,989
669573570759163904,450,153
669571471778410496,1651,1065
669567591774625800,243,60
669564461267722241,402,130
669393256313184256,378,81
669375718304980992,1390,767
669371483794317312,515,190
669367896104181761,477,166
669363888236994561,652,242
669359674819481600,380,131
669354382627049472,2821,1349
669353438988365824,673,271
669351434509529089,463,198
669328503091937280,1052,440
669327207240699904,599,121
669324657376567296,514,218
669216679721873412,941,409
669214165781868544,460,178
669203728096960512,1050,507
669037058363662336,683,328
669015743032369152,770,393
669006782128353280,598,264
669000397445533696,21724,6762
668994913074286592,459,249
668992363537309700,780,369
668989615043424256,710,346
668988183816871936,940,500
668986018524233728,574,177
668981893510119424,565,326
668979806671884288,827,374
668975677807423489,1365,619
668967877119254528,154,25
668960084974809088,739,251
668955713004314625,295,74
668932921458302977,280,61
668902994700836864,330,106
668892474547511297,412,161
668872652652679168,550,315
668852170888998912,470,174
668826086256599040,456,147
668815180734689280,596,285
668779399630725120,733,397
668655139528511488,551,229
668645506898350081,936,574
668643542311546881,922,562
668641109086707712,1123,566
668636665813057536,1083,510
668633411083464705,2950,1746
668631377374486528,748,339
668627278264475648,332,122
668625577880875008,411,140
668623201287675904,1507,829
668620235289837568,215,46
668614819948453888,636,335
668587383441514497,1727,1147
668567822092664832,255,61
668544745690562560,542,241
668542336805281792,484,227
668537837512433665,259,78
668528771708952576,486,237
668507509523615744,338,113
668496999348633600,427,140
668484198282485761,442,250
668480044826800133,480,155
668466899341221888,922,545
668297328638447616,643,313
668291999406125056,259,34
668286279830867968,525,144
668274247790391296,858,243
668268907921326080,573,253
668256321989451776,1354,651
668248472370458624,1029,513
668237644992782336,6458,3009
668226093875376128,314,112
668221241640230912,526,209
668204964695683073,576,204
668190681446379520,674,205
668171859951755264,511,203
668154635664932864,513,331
668142349051129856,581,303
668113020489474048,690,258
667937095915278337,1324,839
667924896115245057,309,117
667915453470232577,218,58
667911425562669056,510,318
667902449697558528,875,390
667886921285246976,1971,1151
667885044254572545,848,511
667878741721415682,406,125
667873844930215936,652,427
667866724293877760,3107,1085
667861340749471744,250,83
667832474953625600,294,65
667806454573760512,1091,524
667801013445750784,337,98
667793409583771648,721,345
667782464991965184,427,254
667773195014021121,240,59
667766675769573376,461,231
667728196545200128,386,159
667724302356258817,505,334
667550904950915073,0,35
667550882905632768,0,33
667549055577362432,5992,2403
667546741521195010,344,133
667544320556335104,897,551
667538891197542400,209,70
667534815156183040,846,562
667530908589760512,488,255
667524857454854144,1753,1172
667517642048163840,380,198
667509364010450944,7005,2221
667502640335572993,550,228
667495797102141441,547,288
667491009379606528,550,237
667470559035432960,265,101
667455448082227200,196,65
667453023279554560,320,93
667443425659232256,807,607
667437278097252352,465,249
667435689202614272,314,85
667405339315146752,480,225
667393430834667520,202,58
667369227918143488,376,170
667211855547486208,508,251
667200525029539841,632,272
667192066997374976,401,110
667188689915760640,768,433
667182792070062081,14772,6472
667177989038297088,194,57
667176164155375616,628,474
667174963120574464,256,86
667171260800061440,228,95
667165590075940865,2763,1197
667160273090932737,263,65
667152164079423490,48884,17800
667138269671505920,4741,2313
667119796878725120,337,133
667090893657276420,341,130
667073648344346624,414,129
667070482143944705,85,14
667065535570550784,169,49
667062181243039745,222,56
667044094246576128,192,51
667012601033924608,462,235
666996132027977728,248,99
666983947667116034,2625,1018
666837028449972224,838,568
666835007768551424,220,82
666826780179869698,258,99
666817836334096384,533,259
666804364988780544,244,94
666786068205871104,783,502
666781792255496192,397,203
666776908487630848,360,178
666739327293083650,240,67
666701168228331520,441,223
666691418707132416,190,48
666649482315059201,899,595
666644823164719104,235,85
666454714377183233,529,213
666447344410484738,105,22
666437273139982337,129,50
666435652385423360,168,54
666430724426358785,321,199
666428276349472768,166,84
666421158376562688,319,114
666418789513326592,127,47
666411507551481857,451,331
666407126856765440,111,41
666396247373291520,168,87
666373753744588802,190,94
666362758909284353,784,578
666353288456101888,224,74
666345417576210432,301,141
666337882303524864,199,93
666293911632134144,513,358
666287406224695296,150,68
666273097616637952,178,77
666268910803644416,105,36
666104133288665088,14435,6681
666102155909144576,80,13
666099513787052032,158,70
666094000022159362,166,76
666082916733198337,119,45
666073100786774016,325,169
666071193221509120,148,62
666063827256086533,480,223
666058600524156928,112,58
666057090499244032,299,142
666055525042405380,440,257
666051853826850816,1230,856
666050758794694657,133,58
666049248165822465,109,40
666044226329800704,300,141
666033412701032449,125,44
666029285002620928,130,47
666020888022790149,2561,520
